50380
51586
49506
46874
46464
48442
48663
43742
36494
31832
30747
30599
29698
29385
29808
28878
27090
26328
26268
26161
25374
23830
23343
23963
23645
21947
18147
12769
10528
12249
12990
11368
9336
7999
8017
7761
6014
4655
3090
1016
2369
5605
5177
2524
264
-2086
-2915
-2734
-4383
-6595
-8593
-10597
-9059
-4644
-2952
-3449
-3431
-4564
-6637
-7614
-9041
-12706
-16992
-19707
-21355
-23213
-24105
-23943
-25092
-26124
-24214
-21822
-21437
-21845
-21866
-19531
-13383
-7107
-5636
-9478
-15006
-17692
-16766
-15045
-15019
-18103
-21865
-20977
-16171
-11449
-6687
-3649
-4275
-3380
1040
4880
8935
13096
11763
6269
3252
3483
4367
3973
2236
2491
6119
10536
14479
17556
19609
22727
27359
31479
34822
37431
38318
37636
36393
35916
36892
38231
39455
40595
40813
41083
42669
44647
47407
50941
52247
51105
49646
47610
45914
46791
49245
50576
48585
43371
38212
34992
34503
38165
41571
39128
34575
31999
29994
30451
34268
36058
34537
33543
33726
33497
31158
25466
18937
16146
17825
19116
15758
11013
8930
7015
5303
7635
11067
11615
11845
12749
11950
8970
4755
1298
-784
-3410
-4915
-3386
-3331
-7164
-11479
-13752
-12172
-7769
-5932
-6601
-5651
-4289
-3380
-1488
-1241
-3463
-4884
-6242
-9498
-13112
-16173
-18849
-20704
-20997
-18050
-12948
-10515
-11669
-12761
-10988
-4667
3444
5117
-1340
-7503
-8667
-8432
-9441
-11146
-14019
-18064
-20263
-17685
-10997
-3911
286
1679
2180
3207
6485
11398
12888
9233
5021
2968
3033
4768
4163
-430
-2809
385
5427
9053
9621
9196
13586
20703
23396
24208
27572
29799
29679
30475
31396
30925
29703
27243
24203
22808
23524
26049
28908
29170
27152
25831
26339
29008
33593
37805
40020
40109
38174
35920
34614
32218
27926
25017
25638
27746
28135
25689
22178
20472
21414
23174
24110
24469
24498
23976
24056
25599
26690
24939
20491
16388
16011
18369
19234
17313
13740
9580
7780
10374
14439
15986
13940
10611
9950
11525
10897
8310
7726
8881
8029
3751
-1074
-3918
-6810
-10308
-10933
-9357
-8445
-7096
-6007
-6610
-6036
-5420
-8701
-12187
-12947
-15276
-19737
-22574
-23563
-24369
-25681
-26801
-26602
-26197
-25699
-23046
-19986
-18478
-15320
-9331
-3531
-308
-1619
-5774
-6563
-3560
-3118
-8057
-15399
-20032
-19164
-15842
-13370
-10728
-7914
-6235
-4192
-1053
1908
5280
8832
9489
7258
6016
7016
7829
6328
2949
1132
3593
7636
9755
11186
13076
14722
17989
23209
26307
26497
26741
27296
27255
27051
26834
26420
25344
24229
25263
27394
28076
29666
33301
34599
33106
33187
35870
39710
43153
43575
40619
37694
37930
41321
44584
43875
38762
33091
32264
36526
38814
35644
32546
33486
36313
38087
36816
33589
32309
33168
34243
36296
38179
36754
32845
29386
28211
29521
30451
28674
25519
22309
19778
18838
18656
18736
19174
18355
16886
16975
16949
15375
13420
10647
7732
6260
3842
-171
-1892
-841
-255
-1854
-4640
-6217
-7427
-11027
-15040
-17192
-18155
-16902
-15857
-19730
-23467
-22061
-21420
-23917
-25986
-28845
-31921
-31034
-28183
-27622
-29571
-31871
-30549
-25033
-21213
-22808
-27889
-32887
-34109
-31427
-29385
-30851
-34368
-36783
-36283
-33480
-28577
-22163
-17860
-16763
-15943
-14510
-12163
-8468
-6818
-8700
-10040
-9050
-7937
-7965
-8489
-8101
-6399
-3356
1597
6024
7261
7978
9807
11013
12605
14241
12978
11132
11670
12432
12803
14264
15751
15620
13934
12834
13922
15227
16171
18514
20219
20246
21927
24742
26300
27732
27849
24432
20717
21136
25693
29022
25787
20907
22802
27508
26847
22630
19557
18033
18237
19851
19829
16833
13984
13760
15070
17392
20174
19608
15390
13268
14900
16366
15434
12295
8849
6934
4549
484
-1742
-652
930
732
-1740
-5434
-8442
-9757
-9240
-8281
-8855
-10569
-13358
-18227
-21921
-20839
-17960
-17447
-19347
-22197
-24865
-26898
-27962
-27620
-27511
-29150
-31179
-33642
-36934
-37199
-33657
-32168
-34056
-34181
-31954
-32739
-38743
-44716
-44548
-40275
-38708
-40349
-40520
-38832
-38526
-40186
-41878
-41448
-37901
-34054
-34199
-37363
-39028
-38323
-37211
-35945
-34087
-32468
-31569
-30697
-29741
-28760
-26373
-23092
-22728
-24899
-23552
-17749
-14747
-18579
-22511
-18488
-10696
-8716
-11251
-12003
-11508
-10973
-10034
-10291
-9303
-5102
-3716
-5094
-1686
3042
1838
-1162
-1434
-857
129
1915
2913
2280
1397
2668
4865
4130
2554
4256
6500
5891
3352
1040
2941
10024
15298
14574
12407
12631
14593
16617
17059
15513
12930
10361
8681
7441
5653
3348
332
-1613
1587
7788
9612
6453
3436
2568
3087
3457
2025
104
-312
-1102
-4007
-6512
-6943
-8040
-11118
-12849
-12117
-12425
-14333
-14668
-13049
-11251
-10278
-11362
-13955
-15365
-15766
-16980
-17802
-17807
-20397
-25666
-27312
-23275
-21277
-25864
-31032
-32528
-31796
-27789
-22824
-25017
-31973
-33442
-30486
-28921
-27111
-25438
-28184
-32846
-33233
-28867
-25332
-27861
-33172
-32527
-25015
-18049
-16348
-18418
-19779
-17938
-15956
-17160
-18964
-17880
-16034
-17280
-20181
-20738
-20153
-22018
-24666
-24571
-21724
-17537
-14599
-15740
-18465
-18312
-16982
-17188
-15774
-11509
-10075
-13423
-15993
-15723
-15025
-12854
-9402
-9169
-11488
-11812
-10591
-8996
-4921
1486
6402
6822
4984
5717
7332
5744
4594
6454
7147
6439
5693
2454
-428
1123
2978
3366
5259
6173
4681
5423
8705
10566
10448
9761
9393
9382
9146
9111
8582
5483
1052
-2751
-5984
-6198
-2719
-1136
-2494
-1781
403
1020
1474
1758
736
474
509
-2066
-5915
-8803
-10260
-9047
-7286
-9416
-13342
-14901
-15779
-17250
-16801
-14481
-13598
-16151
-20567
-23391
-24026
-24405
-24107
-21632
-18329
-18016
-23104
-28706
-26932
-20810
-19564
-22101
-23107
-24747
-28201
-28953
-26321
-24803
-26718
-29585
-28772
-23221
-19370
-24726
-35406
-37446
-26941
-17943
-20669
-27187
-27244
-21832
-17747
-19586
-24344
-23405
-16227
-13432
-19892
-27142
-27871
-25654
-24906
-23111
-19801
-19837
-22361
-21912
-19484
-17846
-15929
-15889
-19506
-21159
-19574
-21564
-27091
-29866
-29063
-27013
-26051
-28582
-30580
-26439
-21369
-22199
-24693
-23592
-21173
-20086
-19775
-19508
-19176
-19141
-19668
-20109
-19609
-18020
-16429
-16044
-16025
-15355
-14809
-14063
-12235
-10902
-9819
-5383
695
1022
-4738
-7762
-3940
1088
2528
1278
-689
-1040
1416
3130
1934
978
659
-828
-941
489
-1130
-4706
-5198
-3257
-2192
-2508
-3478
-4443
-4459
-2597
9
-176
-3063
-4512
-4425
-4198
-1816
753
213
818
3836
3994
3263
4969
4407
1643
1209
811
-414
-1202
-6213
-12686
-10725
-5414
-6507
-9139
-9455
-11520
-12210
-6958
-2545
-6986
-15282
-15261
-8758
-11050
-20369
-19306
-9757
-5257
-3945
-3000
-6518
-8499
-3258
1966
2641
-70
-5411
-7223
-2795
-919
-4863
-8629
