0
0
0
0
0
0
0
0
0
0
0
0
0
0
0
0
0
0
0
0
0
0
0
0
0
0
0
0
0
1
1
1
1
1
1
1
1
1
1
1
1
1
1
1
1
1
1
1
1
1
0
0
0
0
0
0
0
0
-1
-1
-1
-1
-1
-2
-2
-2
-2
-3
-3
-3
-3
-3
-3
-4
-3
-4
-5
-6
-5
-5
-6
-6
-5
-6
-7
-7
-8
-9
-10
-10
-10
-10
-9
-9
-10
-11
-11
-12
-14
-14
-13
-13
-13
-13
-12
-12
-13
-12
-13
-14
-14
-12
-11
-12
-12
-8
-6
-7
-6
-4
-5
-6
-5
-5
-6
-3
2
5
3
4
7
5
0
-1
3
5
6
10
14
16
17
15
12
11
14
16
14
18
29
34
30
31
41
44
37
36
46
53
52
55
61
66
70
74
75
69
70
74
70
60
64
74
81
82
85
85
77
66
60
46
39
43
53
60
67
68
60
43
33
37
26
15
36
63
65
54
56
65
54
31
28
42
27
18
42
49
19
19
47
58
16
-5
1
-6
-32
-49
-67
-60
-42
-46
-103
-158
-130
-159
-220
-271
-254
-245
-212
-207
-205
-179
-197
-230
-258
-326
-314
-278
-257
-242
-181
-138
-142
-204
-220
-211
-163
-174
-172
-81
-48
-137
-188
-128
-110
-175
-231
-306
-412
-429
-430
-465
-528
-389
-238
-322
-334
-271
-400
-523
-577
-431
-455
-479
-236
38
-96
-184
-257
-396
-367
-267
-252
-129
67
238
413
681
786
615
498
579
601
605
852
1120
980
930
853
731
665
748
671
432
743
913
781
812
606
90
-91
-329
-831
-1233
-1302
-1253
-2067
-3044
-7081
-490
2377
3388
5875
6389
4971
4722
4381
4736
4551
4312
4262
3894
4239
4597
3504
2787
3020
2538
2469
2180
1465
353
969
1002
665
770
577
-222
-987
40
446
772
817
695
-404
-1239
-2124
-2659
-3134
-2919
-3724
-4275
-2323
-1017
-2086
-2192
-1891
-3495
-4278
-3475
-2433
-2791
-1798
-162
994
167
95
-633
-1608
-1089
-245
227
1488
2658
3660
4065
3991
4347
5033
5221
5548
7017
8588
8632
7905
8356
9369
8574
7116
6939
8277
7684
6866
6771
6970
7042
7338
6283
4303
4787
3994
2834
2155
2414
2192
2540
2613
1211
-115
-980
-962
-2234
-3190
-2202
-2644
-2730
-2010
-1829
-2091
-2467
-3456
-4619
-5215
-4324
-4018
-4308
-2315
-865
-1825
-1395
-1809
-3182
-4340
-3481
-2097
-1151
39
1728
1848
1707
2088
1476
42
1187
2105
1752
3933
4958
5875
6832
7714
7311
6383
6296
7036
7133
7111
7530
8459
9500
9661
8939
8089
7110
7005
6770
6715
7167
6800
6798
6687
6223
5362
4320
3847
3278
3338
3782
4033
3485
3537
3882
2038
1471
1513
476
-70
-181
-227
-34
527
888
-548
-1638
-2305
-2698
-3694
-3865
-3496
-3119
-2987
-2338
-1370
-1172
-1057
-972
-1927
-2304
-2142
-1908
-1195
-397
-90
863
1444
1256
651
239
885
1049
1142
2198
3395
3608
3904
3974
3516
3240
3143
2929
3345
4128
4557
4937
5260
5182
4820
4185
3524
3039
3486
3383
3458
4010
4367
4032
3256
2935
2366
1267
1217
1914
1838
1265
1804
2575
1645
330
73
-11
-557
-1185
-1094
-771
-514
-151
-593
-1488
-1398
-1643
-2275
-2744
-2549
-2325
-2017
-1742
-1650
-1401
-1361
-1453
-1714
-2185
-2473
-2259
-2055
-1380
-790
-409
365
900
478
343
556
317
1
834
1910
2289
2760
3522
4158
3565
3127
3288
2904
3006
3611
4004
4648
5594
6066
5432
4803
4732
4753
4730
4518
4960
5371
5722
5782
5386
4858
4387
4185
3680
3242
3670
3842
3791
3760
2872
1781
1565
684
-548
-815
-971
-666
-576
-753
-755
-1241
-1768
-2207
-3205
-3557
-3492
-3472
-3802
-3580
-3069
-3171
-3163
-2416
-2496
-3474
-2957
-2557
-2954
-3371
-2497
-1627
-1499
-421
421
-209
116
-142
-633
-286
917
1222
1133
2653
3445
3216
3104
3094
2679
2216
2521
3128
3321
3495
3985
3852
3179
3154
3152
2470
2479
3076
2861
2749
3287
3314
2599
2149
2098
1269
406
1928
2056
452
780
742
-306
-716
-879
-1531
-1096
-833
-1806
-2056
-2281
-2465
-3015
-3635
-3558
-3484
-3764
-3889
-4148
-4400
-4683
-3899
-3933
-4833
-3694
-2715
-3328
-3366
-2891
-3388
-3596
-3041
-2639
-2547
-2122
-1554
-1537
-1687
-654
-923
-2365
-1500
-497
-1223
-903
568
1048
1170
758
900
1522
1788
1921
2130
2123
1907
1881
2033
2064
2893
2695
1895
2233
2704
2243
2006
2504
2105
1505
1796
2182
1942
1891
1975
945
756
1246
786
260
961
980
601
668
762
688
278
-365
-942
-1262
-1187
-867
-611
-819
-778
-810
-1463
-1520
-1368
-2158
-2214
-1602
-2114
-2580
-1546
-1538
-2386
-2517
-2687
-3042
-3352
-3051
-2603
-2688
-2020
-1883
-3073
-2757
-1667
-1807
-2667
-1931
-1124
-1245
-1320
-726
-281
-534
-352
-19
372
565
863
1108
1810
2037
2479
2392
1837
1891
1737
1140
1630
1958
1751
2014
2246
1724
896
1185
513
256
504
399
6
-135
-515
-971
-707
-922
-1824
-2728
-3023
-3296
-3410
-3419
-3243
-3488
-3539
-4008
-4862
-5480
-5577
-6090
-6415
-6529
-6246
-6967
-7505
-9349
-5844
-5443
-5399
-4471
-4956
-5324
-5030
-4381
-4486
-4331
-2833
-3001
-4076
-3148
-2346
-2831
-2515
-1469
-888
-715
-775
-354
-463
1197
1490
1612
2799
2819
2036
2472
3167
3752
4425
3632
3645
3897
2899
2100
2334
3380
2479
1611
1951
2224
2591
2197
1765
1364
945
-149
-97
-552
-897
-607
-380
-532
-1465
-1570
-2063
-2822
-2279
-1970
-1696
-2439
-2234
-1679
-2381
-1203
586
-101
-97
150
973
827
741
1301
1976
1591
1193
721
1356
1323
1292
1966
2293
3525
4141
2634
2493
3365
3400
2804
2765
3559
4058
4132
4570
4046
4015
3361
2727
3145
3680
2886
2598
2744
3252
3590
2951
3050
2493
2286
2213
1564
1719
1528
719
1866
1579
1339
2362
848
954
1508
1313
2006
1142
1033
1143
998
